2846	
2858	
2882	
2884	
2911	
2916	
2924	
2928	
2929	
2933	
2936	
2941	
2942	
2944	
2948	
2979	
2990	
2999	
3005	
3008	
3010	
3012	
3018	
3031	
3040	
3068	
3080	
81315	
81316	
81317	
81318	
81319	
81320	
81321	
81322	
81323	
81324	
81325	
81326	
81327	
81328	
81329	
81330	
81331	
81332	
81333	
81334	
81335	
81336	
81337	
81338	
81339	
81340	
81341	
81342	
81343	
81344	
81345	
81346	
81347	
81348	
81349	
81350	
81351	
81352	
81353	
81354	
81355	
81356	
81357	
81358	
81359	
81360	
81361	
81362	
81363	
81364	
81365	
81366	
81367	
81368	
81369	
81370	
81371	
81372	
81373	
81374	
81375	
81376	
81377	
81378	
81379	
81380	
81381	
81382	
81383	
81384	
81385	
81386	
81387	
81388	
81389	
81390	
81391	
81392	
81393	
81394	
